node_code;node_type;wlan_code;destination_id;x(m);y(m);z(m);primary_channel;min_channel_allowed;max_channel_allowed;Cwmin;Cwmax;tpc_min(dBm);tpc_default(dBm);tpc_max(dBm);cca_min(dBm);cca_default(dBm);cca_max(dBm);tx_antenna_gain;rx_antenna_gain;channel_bonding_model;modulation_default;central_freq (GHz);lambda
AP_A;0;A;-1;76.86323471502263;91.97099220919745;0.0;5;5;5;32;32;15.0;15.0;15.0;-82.0;-82.0;-82.0;0.0;0.0;0;0;2.4;10000.0
STA_A1;1;A;-1;77.70406668091496;93.82537890758704;0.0;5;5;5;32;32;15.0;15.0;15.0;-82.0;-82.0;-82.0;0.0;0.0;0;0;2.4;10000.0
AP_B;0;B;-1;56.508082442178434;39.80716016611731;0.0;4;4;4;32;32;15.0;15.0;15.0;-82.0;-82.0;-82.0;0.0;0.0;0;0;2.4;10000.0
STA_B1;1;B;-1;54.54499028778264;38.98120757869476;0.0;4;4;4;32;32;15.0;15.0;15.0;-82.0;-82.0;-82.0;0.0;0.0;0;0;2.4;10000.0
AP_C;0;C;-1;41.17906188302647;33.59789567145106;0.0;0;0;1;32;32;15.0;15.0;15.0;-82.0;-82.0;-82.0;0.0;0.0;5;0;2.4;10000.0
STA_C1;1;C;-1;41.98674941063332;30.96893212057312;0.0;0;0;1;32;32;15.0;15.0;15.0;-82.0;-82.0;-82.0;0.0;0.0;5;0;2.4;10000.0
AP_D;0;D;-1;79.49150270983148;15.231057220523303;0.0;1;0;3;32;32;15.0;15.0;15.0;-82.0;-82.0;-82.0;0.0;0.0;5;0;2.4;10000.0
STA_D1;1;D;-1;77.55957224185543;15.9383888332127;0.0;1;0;3;32;32;15.0;15.0;15.0;-82.0;-82.0;-82.0;0.0;0.0;5;0;2.4;10000.0
AP_E;0;E;-1;68.1630306665756;21.572891250619374;0.0;1;1;1;32;32;15.0;15.0;15.0;-82.0;-82.0;-82.0;0.0;0.0;5;0;2.4;10000.0
STA_E1;1;E;-1;69.26799645352654;20.902676245146328;0.0;1;1;1;32;32;15.0;15.0;15.0;-82.0;-82.0;-82.0;0.0;0.0;5;0;2.4;10000.0
AP_F;0;F;-1;90.62665185315157;37.74574458793535;0.0;4;0;7;32;32;15.0;15.0;15.0;-82.0;-82.0;-82.0;0.0;0.0;0;0;2.4;10000.0
STA_F1;1;F;-1;91.83538096731462;38.6234311568664;0.0;4;0;7;32;32;15.0;15.0;15.0;-82.0;-82.0;-82.0;0.0;0.0;0;0;2.4;10000.0
AP_G;0;G;-1;9.59611268111984;95.22568598570959;0.0;2;0;3;32;32;15.0;15.0;15.0;-82.0;-82.0;-82.0;0.0;0.0;5;0;2.4;10000.0
STA_G1;1;G;-1;10.885182035123377;94.829709662239;0.0;2;0;3;32;32;15.0;15.0;15.0;-82.0;-82.0;-82.0;0.0;0.0;5;0;2.4;10000.0
AP_H;0;H;-1;58.52612005774436;18.574705483326625;0.0;6;6;6;32;32;15.0;15.0;15.0;-82.0;-82.0;-82.0;0.0;0.0;5;0;2.4;10000.0
STA_H1;1;H;-1;60.26872095554545;19.109974506968346;0.0;6;6;6;32;32;15.0;15.0;15.0;-82.0;-82.0;-82.0;0.0;0.0;5;0;2.4;10000.0
AP_I;0;I;-1;22.516519723930806;83.18850461709383;0.0;7;7;7;32;32;15.0;15.0;15.0;-82.0;-82.0;-82.0;0.0;0.0;5;0;2.4;10000.0
STA_I1;1;I;-1;21.407744060030016;82.18373321433602;0.0;7;7;7;32;32;15.0;15.0;15.0;-82.0;-82.0;-82.0;0.0;0.0;5;0;2.4;10000.0
AP_J;0;J;-1;62.05943560468551;65.15426306924923;0.0;4;0;7;32;32;15.0;15.0;15.0;-82.0;-82.0;-82.0;0.0;0.0;5;0;2.4;10000.0
STA_J1;1;J;-1;64.08726487579693;64.20623607151423;0.0;4;0;7;32;32;15.0;15.0;15.0;-82.0;-82.0;-82.0;0.0;0.0;5;0;2.4;10000.0
